ADV02-004;19882;1526;1838.18
ADV02-005;6069;427;264.38
ADV07-004;11366;241;144.81
ADV12-001;2707;183;88.91
ADV02-002;11112;703;824.09
ADV03-005;15100;526;619.15
ADV07-001;15700;487;383.34
ADV03-001;15792;615;834.86
ADV01-004;18913;225;242.88
ADV12-003;16889;443;147.21
ADV07-014;5200;0;75.0
ADV01-003;2744;151;157.04
ADV03-004;11861;629;369.38
ADV03-003;18310;458;356.65
ADV02-001;10450;275;118.05
ADV02-003;10829;772;1072.08
ADV02-006;1079;12;13.61
ADV07-002;16915;897;614.17
ADV01-002;17817;808;460.11
ADV03-006;10506;726;1003.67
ADV12-002;2620;195;238.76
ADV07-005;12025;109;110.33
ADV07-003;1884;104;38.41
ADV03-002;10142;748;768.74
ADV01-001;12760;420;542.44
ADV03-002;2583;99;79.2
